Iteration 28, updating 2 -> 3:
[[0.        , 1.        , 0.        , 0.        , 0.        , 0.        , 0.        , 0.        ],
 [0.        , 0.        , 1.        , 0.        , 0.        , 0.        , 0.        , 0.        ],
 [0.        , 0.        , 0.        , 1.        , 0.        , 0.        , 0.        , 0.        ],
 [0.        , 0.42857143, 0.        , 0.        , 0.28571429, 0.28571429, 0.        , 0.        ],
 [0.        , 0.35294118, 0.        , 0.        , 0.29411765, 0.35294118, 0.        , 0.        ],
 [0.        , 0.        , 0.        , 0.        , 0.        , 0.        , 1.        , 0.        ],
 [0.        , 0.5       , 0.        , 0.        , 0.4       , 0.        , 0.        , 0.1       ],
 [0.        , 0.        , 0.        , 0.        , 1.        , 0.        , 0.        , 0.        ]]

Iteration 28, updating 2 -> 3:
[[0.        , 1.        , 0.        , 0.        , 0.        , 0.        , 0.        , 0.        ],
 [0.        , 0.        , 1.        , 0.        , 0.        , 0.        , 0.        , 0.        ],
 [0.        , 0.        , 0.        , 1.        , 0.        , 0.        , 0.        , 0.        ],
 [0.        , 0.2       , 0.        , 0.        , 0.4       , 0.4       , 0.        , 0.        ],
 [0.        , 0.23076923, 0.        , 0.        , 0.30769231, 0.46153846, 0.        , 0.        ],
 [0.        , 0.        , 0.        , 0.        , 0.        , 0.        , 1.        , 0.        ],
 [0.        , 0.375     , 0.        , 0.        , 0.5       , 0.        , 0.        , 0.125     ],
 [0.        , 0.        , 0.        , 0.        , 1.        , 0.        , 0.        , 0.        ]]

Iteration 28, updating 2 -> 3:
[[0.        , 1.        , 0.        , 0.        , 0.        , 0.        , 0.        , 0.        ],
 [0.        , 0.        , 1.        , 0.        , 0.        , 0.        , 0.        , 0.        ],
 [0.        , 0.        , 0.        , 1.        , 0.        , 0.        , 0.        , 0.        ],
 [0.        , 0.42857143, 0.        , 0.        , 0.28571429, 0.28571429, 0.        , 0.        ],
 [0.        , 0.35294118, 0.        , 0.        , 0.29411765, 0.35294118, 0.        , 0.        ],
 [0.        , 0.        , 0.        , 0.        , 0.        , 0.        , 1.        , 0.        ],
 [0.        , 0.5       , 0.        , 0.        , 0.4       , 0.        , 0.        , 0.1       ],
 [0.        , 0.        , 0.        , 0.        , 1.        , 0.        , 0.        , 0.        ]]

Iteration 28, updating 2 -> 3:
[[0.        , 1.        , 0.        , 0.        , 0.        , 0.        , 0.        , 0.        ],
 [0.        , 0.        , 1.        , 0.        , 0.        , 0.        , 0.        , 0.        ],
 [0.        , 0.        , 0.        , 1.        , 0.        , 0.        , 0.        , 0.        ],
 [0.        , 0.42857143, 0.        , 0.        , 0.28571429, 0.28571429, 0.        , 0.        ],
 [0.        , 0.35294118, 0.        , 0.        , 0.29411765, 0.35294118, 0.        , 0.        ],
 [0.        , 0.        , 0.        , 0.        , 0.        , 0.        , 1.        , 0.        ],
 [0.        , 0.5       , 0.        , 0.        , 0.4       , 0.        , 0.        , 0.1       ],
 [0.        , 0.        , 0.        , 0.        , 1.        , 0.        , 0.        , 0.        ]]

Iteration 28, updating 2 -> 3:
[[0.        , 1.        , 0.        , 0.        , 0.        , 0.        , 0.        , 0.        ],
 [0.        , 0.        , 1.        , 0.        , 0.        , 0.        , 0.        , 0.        ],
 [0.        , 0.        , 0.        , 1.        , 0.        , 0.        , 0.        , 0.        ],
 [0.        , 0.42857143, 0.        , 0.        , 0.28571429, 0.28571429, 0.        , 0.        ],
 [0.        , 0.35294118, 0.        , 0.        , 0.29411765, 0.35294118, 0.        , 0.        ],
 [0.        , 0.        , 0.        , 0.        , 0.        , 0.        , 1.        , 0.        ],
 [0.        , 0.5       , 0.        , 0.        , 0.4       , 0.        , 0.        , 0.1       ],
 [0.        , 0.        , 0.        , 0.        , 1.        , 0.        , 0.        , 0.        ]]

Iteration 28, updating 2 -> 3:
[[0.        , 1.        , 0.        , 0.        , 0.        , 0.        , 0.        , 0.        ],
 [0.        , 0.        , 1.        , 0.        , 0.        , 0.        , 0.        , 0.        ],
 [0.        , 0.        , 0.        , 1.        , 0.        , 0.        , 0.        , 0.        ],
 [0.        , 0.42857143, 0.        , 0.        , 0.28571429, 0.28571429, 0.        , 0.        ],
 [0.        , 0.35294118, 0.        , 0.        , 0.29411765, 0.35294118, 0.        , 0.        ],
 [0.        , 0.        , 0.        , 0.        , 0.        , 0.        , 1.        , 0.        ],
 [0.        , 0.5       , 0.        , 0.        , 0.4       , 0.        , 0.        , 0.1       ],
 [0.        , 0.        , 0.        , 0.        , 1.        , 0.        , 0.        , 0.        ]]

Iteration 28, updating 2 -> 3:
[[0.        , 1.        , 0.        , 0.        , 0.        , 0.        , 0.        , 0.        ],
 [0.        , 0.        , 1.        , 0.        , 0.        , 0.        , 0.        , 0.        ],
 [0.        , 0.        , 0.        , 1.        , 0.        , 0.        , 0.        , 0.        ],
 [0.        , 0.42857143, 0.        , 0.        , 0.28571429, 0.28571429, 0.        , 0.        ],
 [0.        , 0.35294118, 0.        , 0.        , 0.29411765, 0.35294118, 0.        , 0.        ],
 [0.        , 0.        , 0.        , 0.        , 0.        , 0.        , 1.        , 0.        ],
 [0.        , 0.5       , 0.        , 0.        , 0.4       , 0.        , 0.        , 0.1       ],
 [0.        , 0.        , 0.        , 0.        , 1.        , 0.        , 0.        , 0.        ]]

Iteration 28, updating 2 -> 3:
[[0.        , 1.        , 0.        , 0.        , 0.        , 0.        , 0.        , 0.        ],
 [0.        , 0.        , 1.        , 0.        , 0.        , 0.        , 0.        , 0.        ],
 [0.        , 0.        , 0.        , 1.        , 0.        , 0.        , 0.        , 0.        ],
 [0.        , 0.42857143, 0.        , 0.        , 0.28571429, 0.28571429, 0.        , 0.        ],
 [0.        , 0.35294118, 0.        , 0.        , 0.29411765, 0.35294118, 0.        , 0.        ],
 [0.        , 0.        , 0.        , 0.        , 0.        , 0.        , 1.        , 0.        ],
 [0.        , 0.5       , 0.        , 0.        , 0.4       , 0.        , 0.        , 0.1       ],
 [0.        , 0.        , 0.        , 0.        , 1.        , 0.        , 0.        , 0.        ]]

Iteration 28, updating 2 -> 3:
[[0.        , 1.        , 0.        , 0.        , 0.        , 0.        , 0.        , 0.        ],
 [0.        , 0.        , 1.        , 0.        , 0.        , 0.        , 0.        , 0.        ],
 [0.        , 0.        , 0.        , 1.        , 0.        , 0.        , 0.        , 0.        ],
 [0.        , 0.42857143, 0.        , 0.        , 0.28571429, 0.28571429, 0.        , 0.        ],
 [0.        , 0.35294118, 0.        , 0.        , 0.29411765, 0.35294118, 0.        , 0.        ],
 [0.        , 0.        , 0.        , 0.        , 0.        , 0.        , 1.        , 0.        ],
 [0.        , 0.5       , 0.        , 0.        , 0.4       , 0.        , 0.        , 0.1       ],
 [0.        , 0.        , 0.        , 0.        , 1.        , 0.        , 0.        , 0.        ]]

Iteration 28, updating 2 -> 3:
[[0.        , 1.        , 0.        , 0.        , 0.        , 0.        , 0.        , 0.        ],
 [0.        , 0.        , 1.        , 0.        , 0.        , 0.        , 0.        , 0.        ],
 [0.        , 0.        , 0.        , 1.        , 0.        , 0.        , 0.        , 0.        ],
 [0.        , 0.42857143, 0.        , 0.        , 0.28571429, 0.28571429, 0.        , 0.        ],
 [0.        , 0.35294118, 0.        , 0.        , 0.29411765, 0.35294118, 0.        , 0.        ],
 [0.        , 0.        , 0.        , 0.        , 0.        , 0.        , 1.        , 0.        ],
 [0.        , 0.5       , 0.        , 0.        , 0.4       , 0.        , 0.        , 0.1       ],
 [0.        , 0.        , 0.        , 0.        , 1.        , 0.        , 0.        , 0.        ]]

Iteration 28, updating 2 -> 3:
[[0.        , 1.        , 0.        , 0.        , 0.        , 0.        , 0.        , 0.        ],
 [0.        , 0.        , 1.        , 0.        , 0.        , 0.        , 0.        , 0.        ],
 [0.        , 0.        , 0.        , 1.        , 0.        , 0.        , 0.        , 0.        ],
 [0.        , 0.42857143, 0.        , 0.        , 0.28571429, 0.28571429, 0.        , 0.        ],
 [0.        , 0.35294118, 0.        , 0.        , 0.29411765, 0.35294118, 0.        , 0.        ],
 [0.        , 0.        , 0.        , 0.        , 0.        , 0.        , 1.        , 0.        ],
 [0.        , 0.5       , 0.        , 0.        , 0.4       , 0.        , 0.        , 0.1       ],
 [0.        , 0.        , 0.        , 0.        , 1.        , 0.        , 0.        , 0.        ]]

Iteration 28, updating 2 -> 3:
[[0.        , 1.        , 0.        , 0.        , 0.        , 0.        , 0.        , 0.        ],
 [0.        , 0.        , 1.        , 0.        , 0.        , 0.        , 0.        , 0.        ],
 [0.        , 0.        , 0.        , 1.        , 0.        , 0.        , 0.        , 0.        ],
 [0.        , 0.42857143, 0.        , 0.        , 0.28571429, 0.28571429, 0.        , 0.        ],
 [0.        , 0.35294118, 0.        , 0.        , 0.29411765, 0.35294118, 0.        , 0.        ],
 [0.        , 0.        , 0.        , 0.        , 0.        , 0.        , 1.        , 0.        ],
 [0.        , 0.5       , 0.        , 0.        , 0.4       , 0.        , 0.        , 0.1       ],
 [0.        , 0.        , 0.        , 0.        , 1.        , 0.        , 0.        , 0.        ]]

Iteration 28, updating 2 -> 3:
[[0.        , 1.        , 0.        , 0.        , 0.        , 0.        , 0.        , 0.        ],
 [0.        , 0.        , 1.        , 0.        , 0.        , 0.        , 0.        , 0.        ],
 [0.        , 0.        , 0.        , 1.        , 0.        , 0.        , 0.        , 0.        ],
 [0.        , 0.42857143, 0.        , 0.        , 0.28571429, 0.28571429, 0.        , 0.        ],
 [0.        , 0.35294118, 0.        , 0.        , 0.29411765, 0.35294118, 0.        , 0.        ],
 [0.        , 0.        , 0.        , 0.        , 0.        , 0.        , 1.        , 0.        ],
 [0.        , 0.5       , 0.        , 0.        , 0.4       , 0.        , 0.        , 0.1       ],
 [0.        , 0.        , 0.        , 0.        , 1.        , 0.        , 0.        , 0.        ]]

Iteration 28, updating 2 -> 3:
[[0.        , 1.        , 0.        , 0.        , 0.        , 0.        , 0.        , 0.        ],
 [0.        , 0.        , 1.        , 0.        , 0.        , 0.        , 0.        , 0.        ],
 [0.        , 0.        , 0.        , 1.        , 0.        , 0.        , 0.        , 0.        ],
 [0.        , 0.42857143, 0.        , 0.        , 0.28571429, 0.28571429, 0.        , 0.        ],
 [0.        , 0.35294118, 0.        , 0.        , 0.29411765, 0.35294118, 0.        , 0.        ],
 [0.        , 0.        , 0.        , 0.        , 0.        , 0.        , 1.        , 0.        ],
 [0.        , 0.5       , 0.        , 0.        , 0.4       , 0.        , 0.        , 0.1       ],
 [0.        , 0.        , 0.        , 0.        , 1.        , 0.        , 0.        , 0.        ]]

Iteration 28, updating 2 -> 3:
[[0.        , 1.        , 0.        , 0.        , 0.        , 0.        , 0.        , 0.        ],
 [0.        , 0.        , 1.        , 0.        , 0.        , 0.        , 0.        , 0.        ],
 [0.        , 0.        , 0.        , 1.        , 0.        , 0.        , 0.        , 0.        ],
 [0.        , 0.42857143, 0.        , 0.        , 0.28571429, 0.28571429, 0.        , 0.        ],
 [0.        , 0.35294118, 0.        , 0.        , 0.29411765, 0.35294118, 0.        , 0.        ],
 [0.        , 0.        , 0.        , 0.        , 0.        , 0.        , 1.        , 0.        ],
 [0.        , 0.5       , 0.        , 0.        , 0.4       , 0.        , 0.        , 0.1       ],
 [0.        , 0.        , 0.        , 0.        , 1.        , 0.        , 0.        , 0.        ]]

Iteration 28, updating 2 -> 3:
[[0.        , 1.        , 0.        , 0.        , 0.        , 0.        , 0.        , 0.        ],
 [0.        , 0.        , 1.        , 0.        , 0.        , 0.        , 0.        , 0.        ],
 [0.        , 0.        , 0.        , 1.        , 0.        , 0.        , 0.        , 0.        ],
 [0.        , 0.42857143, 0.        , 0.        , 0.28571429, 0.28571429, 0.        , 0.        ],
 [0.        , 0.35294118, 0.        , 0.        , 0.29411765, 0.35294118, 0.        , 0.        ],
 [0.        , 0.        , 0.        , 0.        , 0.        , 0.        , 1.        , 0.        ],
 [0.        , 0.5       , 0.        , 0.        , 0.4       , 0.        , 0.        , 0.1       ],
 [0.        , 0.        , 0.        , 0.        , 1.        , 0.        , 0.        , 0.        ]]

Iteration 28, updating 2 -> 3:
[[0.        , 1.        , 0.        , 0.        , 0.        , 0.        , 0.        , 0.        ],
 [0.        , 0.        , 1.        , 0.        , 0.        , 0.        , 0.        , 0.        ],
 [0.        , 0.        , 0.        , 1.        , 0.        , 0.        , 0.        , 0.        ],
 [0.        , 0.42857143, 0.        , 0.        , 0.28571429, 0.28571429, 0.        , 0.        ],
 [0.        , 0.35294118, 0.        , 0.        , 0.29411765, 0.35294118, 0.        , 0.        ],
 [0.        , 0.        , 0.        , 0.        , 0.        , 0.        , 1.        , 0.        ],
 [0.        , 0.5       , 0.        , 0.        , 0.4       , 0.        , 0.        , 0.1       ],
 [0.        , 0.        , 0.        , 0.        , 1.        , 0.        , 0.        , 0.        ]]

Iteration 28, updating 2 -> 3:
[[0.        , 1.        , 0.        , 0.        , 0.        , 0.        , 0.        , 0.        ],
 [0.        , 0.        , 1.        , 0.        , 0.        , 0.        , 0.        , 0.        ],
 [0.        , 0.        , 0.        , 1.        , 0.        , 0.        , 0.        , 0.        ],
 [0.        , 0.42857143, 0.        , 0.        , 0.28571429, 0.28571429, 0.        , 0.        ],
 [0.        , 0.35294118, 0.        , 0.        , 0.29411765, 0.35294118, 0.        , 0.        ],
 [0.        , 0.        , 0.        , 0.        , 0.        , 0.        , 1.        , 0.        ],
 [0.        , 0.5       , 0.        , 0.        , 0.4       , 0.        , 0.        , 0.1       ],
 [0.        , 0.        , 0.        , 0.        , 1.        , 0.        , 0.        , 0.        ]]

Iteration 28, updating 2 -> 3:
[[0.        , 1.        , 0.        , 0.        , 0.        , 0.        , 0.        , 0.        ],
 [0.        , 0.        , 1.        , 0.        , 0.        , 0.        , 0.        , 0.        ],
 [0.        , 0.        , 0.        , 1.        , 0.        , 0.        , 0.        , 0.        ],
 [0.        , 0.42857143, 0.        , 0.        , 0.28571429, 0.28571429, 0.        , 0.        ],
 [0.        , 0.35294118, 0.        , 0.        , 0.29411765, 0.35294118, 0.        , 0.        ],
 [0.        , 0.        , 0.        , 0.        , 0.        , 0.        , 1.        , 0.        ],
 [0.        , 0.5       , 0.        , 0.        , 0.4       , 0.        , 0.        , 0.1       ],
 [0.        , 0.        , 0.        , 0.        , 1.        , 0.        , 0.        , 0.        ]]

Iteration 28, updating 2 -> 3:
[[0.        , 1.        , 0.        , 0.        , 0.        , 0.        , 0.        , 0.        ],
 [0.        , 0.        , 1.        , 0.        , 0.        , 0.        , 0.        , 0.        ],
 [0.        , 0.        , 0.        , 1.        , 0.        , 0.        , 0.        , 0.        ],
 [0.        , 0.42857143, 0.        , 0.        , 0.28571429, 0.28571429, 0.        , 0.        ],
 [0.        , 0.35294118, 0.        , 0.        , 0.29411765, 0.35294118, 0.        , 0.        ],
 [0.        , 0.        , 0.        , 0.        , 0.        , 0.        , 1.        , 0.        ],
 [0.        , 0.5       , 0.        , 0.        , 0.4       , 0.        , 0.        , 0.1       ],
 [0.        , 0.        , 0.        , 0.        , 1.        , 0.        , 0.        , 0.        ]]

Iteration 28, updating 2 -> 3:
[[0.        , 1.        , 0.        , 0.        , 0.        , 0.        , 0.        , 0.        ],
 [0.        , 0.        , 1.        , 0.        , 0.        , 0.        , 0.        , 0.        ],
 [0.        , 0.        , 0.        , 1.        , 0.        , 0.        , 0.        , 0.        ],
 [0.        , 0.42857143, 0.        , 0.        , 0.28571429, 0.28571429, 0.        , 0.        ],
 [0.        , 0.35294118, 0.        , 0.        , 0.29411765, 0.35294118, 0.        , 0.        ],
 [0.        , 0.        , 0.        , 0.        , 0.        , 0.        , 1.        , 0.        ],
 [0.        , 0.5       , 0.        , 0.        , 0.4       , 0.        , 0.        , 0.1       ],
 [0.        , 0.        , 0.        , 0.        , 1.        , 0.        , 0.        , 0.        ]]

Iteration 28, updating 2 -> 3:
[[0.        , 1.        , 0.        , 0.        , 0.        , 0.        , 0.        , 0.        ],
 [0.        , 0.        , 1.        , 0.        , 0.        , 0.        , 0.        , 0.        ],
 [0.        , 0.        , 0.        , 1.        , 0.        , 0.        , 0.        , 0.        ],
 [0.        , 0.42857143, 0.        , 0.        , 0.28571429, 0.28571429, 0.        , 0.        ],
 [0.        , 0.35294118, 0.        , 0.        , 0.29411765, 0.35294118, 0.        , 0.        ],
 [0.        , 0.        , 0.        , 0.        , 0.        , 0.        , 1.        , 0.        ],
 [0.        , 0.5       , 0.        , 0.        , 0.4       , 0.        , 0.        , 0.1       ],
 [0.        , 0.        , 0.        , 0.        , 1.        , 0.        , 0.        , 0.        ]]

Iteration 28, updating 2 -> 3:
[[0.        , 1.        , 0.        , 0.        , 0.        , 0.        , 0.        , 0.        ],
 [0.        , 0.        , 1.        , 0.        , 0.        , 0.        , 0.        , 0.        ],
 [0.        , 0.        , 0.        , 1.        , 0.        , 0.        , 0.        , 0.        ],
 [0.        , 0.42857143, 0.        , 0.        , 0.28571429, 0.28571429, 0.        , 0.        ],
 [0.        , 0.35294118, 0.        , 0.        , 0.29411765, 0.35294118, 0.        , 0.        ],
 [0.        , 0.        , 0.        , 0.        , 0.        , 0.        , 1.        , 0.        ],
 [0.        , 0.5       , 0.        , 0.        , 0.4       , 0.        , 0.        , 0.1       ],
 [0.        , 0.        , 0.        , 0.        , 1.        , 0.        , 0.        , 0.        ]]

Iteration 28, updating 2 -> 3:
[[0.        , 1.        , 0.        , 0.        , 0.        , 0.        , 0.        , 0.        ],
 [0.        , 0.        , 1.        , 0.        , 0.        , 0.        , 0.        , 0.        ],
 [0.        , 0.        , 0.        , 1.        , 0.        , 0.        , 0.        , 0.        ],
 [0.        , 0.42857143, 0.        , 0.        , 0.28571429, 0.28571429, 0.        , 0.        ],
 [0.        , 0.35294118, 0.        , 0.        , 0.29411765, 0.35294118, 0.        , 0.        ],
 [0.        , 0.        , 0.        , 0.        , 0.        , 0.        , 1.        , 0.        ],
 [0.        , 0.5       , 0.        , 0.        , 0.4       , 0.        , 0.        , 0.1       ],
 [0.        , 0.        , 0.        , 0.        , 1.        , 0.        , 0.        , 0.        ]]

